
        k                     x_k                           f(x_k)                        f'(x_k)                          e_k               
        0                  1.00000000                   1.60000000e+01                 7.80000000e+01                 3.33333333e-01         
        1                  0.79487179                   4.11978520e+00                 4.05412431e+01                 1.28205128e-01         
        2                  0.69325219                   6.91138160e-01                 2.74706158e+01                 2.65855209e-02         
        3                  0.66809301                   3.51325576e-02                 2.47070226e+01                 1.42634122e-03         
        4                  0.66667104                   1.07425619e-04                 2.45560193e+01                 4.37475767e-06         
        5                  0.66666667                   1.01432818e-09                 2.45555556e+01                 4.13075130e-11         
        6                  0.66666667                   0.00000000e+00                 2.45555556e+01                 0.00000000e+00         

